  1983.0  0.0
  1988.9  0.0631920977
  1988.92  0.0614736142
  1988.94  0.0597565995
  1988.96  0.0580425224
  1988.98  0.0563296707
  1989.  0.0546036127
  1989.02  0.0528467378
  1989.04  0.0510414357
  1989.06  0.0491700959
  1989.08  0.047215108
  1989.1  0.0451588615
  1989.12  0.0429837459
  1989.14  0.0406721508
  1989.16  0.0382064657
  1989.18  0.0355690802
  1989.2  0.0327423839
  1989.22  0.0297087663
  1989.24  0.0264515703
  1989.26  0.0229760769
  1989.28  0.0193095102
  1989.3  0.0154804944
  1989.32  0.0115278945
  1989.34  0.00750081543
  1989.36  0.00344880753
  1989.38 -0.000578636684
  1989.4 -0.00453335208
  1989.42 -0.0083685011
  1989.44 -0.0120373039
  1989.46 -0.0154929807
  1989.48 -0.0186906108
  1989.5 -0.0216280291
  1989.52 -0.0243458245
  1989.54 -0.0268864448
  1989.56 -0.0292927743
  1989.58 -0.0316177409
  1989.6 -0.0339243186
  1989.62 -0.0362759184
  1989.64 -0.0387150781
  1989.66 -0.041200828
  1989.68 -0.0436713177
  1989.7 -0.0460646969
  1989.72 -0.0483191152
  1989.74 -0.0503727224
  1989.76 -0.052163668
  1989.78 -0.0536301019
  1989.8 -0.0547101735
  1989.82 -0.0553410474
  1989.84 -0.0554559455
  1989.86 -0.0549871042
  1989.88 -0.0538667598
  1989.9 -0.0520271486
  1989.92 -0.049400507
  1989.94 -0.0459190711
  1989.96 -0.0415150774
  1989.98 -0.0361224434
  1990. -0.0297137537
  1990.02 -0.0223002583
  1990.04 -0.0138948881
  1990.06 -0.00453374635
  1990.08  0.0056543828
  1990.1  0.0165175472
  1990.12  0.0279037947
  1990.14  0.0396611731
  1990.16  0.0516377302
  1990.18  0.0636815138
  1990.2  0.0756405718
  1990.22  0.0873629519
  1990.24  0.0986967021
  1990.26  0.10948987
  1990.28  0.119590504
  1990.3  0.128850126
  1990.32  0.137200173
  1990.34  0.14465199
  1990.36  0.151221048
  1990.38  0.156937827
  1990.4  0.161847812
  1990.42  0.165997137
  1990.44  0.16943194
  1990.46  0.172198356
  1990.48  0.174341994
  1990.5  0.175896353
  1990.52  0.176882819
  1990.54  0.177322253
  1990.56  0.177235517
  1990.58  0.176643471
  1990.6  0.175566976
  1990.62  0.174026893
  1990.64  0.172044083
  1990.66  0.169639407
  1990.68  0.166833726
  1990.7  0.1636479
  1990.72  0.16010279
  1990.74  0.156219258
  1990.76  0.152018164
  1990.78  0.147520369
  1990.8  0.142746734
  1990.82  0.13771812
  1990.84  0.132455388
  1990.86  0.126979398
  1990.88  0.121311012
  1990.9  0.11547109
  1990.92  0.109480493
  1990.94  0.103360083
  1990.96  0.0971307194
  1990.98  0.0908132639
  1991.  0.0844285771
  1991.02  0.07799752
  1991.04  0.0715409534
  1991.06  0.0650797382
  1991.08  0.0586347354
  1991.1  0.0522268058
  1991.12  0.0458768102
  1991.14  0.0396056096
  1991.16  0.0334340648
  1991.18  0.0273830368
  1991.2  0.0214733863
  1991.22  0.0157259743
  1991.24  0.0101616617
  1991.26  0.0048013094
  1991.28 -0.000334221821
  1991.3 -0.00522407103
  1991.32 -0.00984737734
  1991.34 -0.0141832799
  1991.36 -0.0182109177
  1991.38 -0.0219151728
  1991.4 -0.0253038946
  1991.42 -0.0283906739
  1991.44 -0.0311891014
  1991.46 -0.033712768
  1991.48 -0.0359825277
  1991.5 -0.0380482775
  1991.52 -0.0399671728
  1991.54 -0.0417963688
  1991.56 -0.0435823196
  1991.58 -0.0453286788
  1991.6 -0.0470284009
  1991.62 -0.0486744404
  1991.64 -0.0502597517
  1991.66 -0.0517772892
  1991.68 -0.0532200075
  1991.7 -0.0545808609
  1991.72 -0.0558529156
  1991.74 -0.0570296833
  1991.76 -0.0581047874
  1991.78 -0.0590729526
  1991.8 -0.0599542052
  1991.82 -0.0607938569
  1991.84 -0.0616383178
  1991.86 -0.0625339977
  1991.88 -0.0635179898
  1991.9 -0.064590125
  1991.92 -0.06574092
  1991.94 -0.0669608915
  1991.96 -0.0682294202
  1991.98 -0.0694813382
  1992. -0.0706403388
  1992.02 -0.0716301151
  1992.04 -0.0723743603
  1992.06 -0.0727967677
  1992.08 -0.0728210305
  1992.1 -0.072370842
  1992.12 -0.0713698953
  1992.14 -0.0697418836
  1992.16 -0.0674105003
  1992.18 -0.0642994385
  1992.2 -0.0603350942
  1992.22 -0.055506043
  1992.24 -0.0498630469
  1992.26 -0.0434595723
  1992.28 -0.0363490855
  1992.3 -0.0285850529
  1992.32 -0.0202187955
  1992.34 -0.0112930497
  1992.36 -0.00184840565
  1992.38  0.00807454661
  1992.4  0.0184263457
  1992.42  0.0291220671
  1992.44  0.0400679263
  1992.46  0.0511701384
  1992.48  0.0623439538
  1992.5  0.0735407499
  1992.52  0.0847209325
  1992.54  0.0958445941
  1992.56  0.10686463
  1992.58  0.117726742
  1992.6  0.128376317
  1992.62  0.138758744
  1992.64  0.148819034
  1992.66  0.158493519
  1992.68  0.167709861
  1992.7  0.176395343
  1992.72  0.184481429
  1992.74  0.191916285
  1992.76  0.198652248
  1992.78  0.204641657
  1992.8  0.209845941
  1992.82  0.214262876
  1992.84  0.217899319
  1992.86  0.220762129
  1992.88  0.22285884
  1992.9  0.224212568
  1992.92  0.224862008
  1992.94  0.224844225
  1992.96  0.224143259
  1992.98  0.222690126
  1993.  0.220413542
  1993.02  0.217242218
  1993.04  0.213106527
  1993.06  0.207974968
  1993.08  0.201854154
  1993.1  0.194752354
  1993.12  0.186679519
  1993.14  0.177684276
  1993.16  0.167854452
  1993.18  0.157291678
  1993.2  0.146109706
  1993.22  0.134422819
  1993.24  0.122345296
  1993.26  0.109994981
  1993.28  0.0975039554
  1993.3  0.0850005022
  1993.32  0.0725834781
  1993.34  0.0603395856
  1993.36  0.0483357927
  1993.38  0.0366219582
  1993.4  0.0252356356
  1993.42  0.0142138439
  1993.44  0.00359360171
  1993.46 -0.00658885214
  1993.48 -0.0163152014
  1993.5 -0.0255850417
  1993.52 -0.0343987463
  1993.54 -0.0427571883
  1993.56 -0.0506727223
  1993.58 -0.058169181
  1993.6 -0.0652708956
  1993.62 -0.0720021973
  1993.64 -0.0783880377
  1993.66 -0.084467622
  1993.68 -0.0902944013
  1993.7 -0.0959224454
  1993.72 -0.101397911
  1993.74 -0.106735322
  1993.76 -0.1119413
  1993.78 -0.117022468
  1993.8 -0.121978492
  1993.82 -0.126781226
  1993.84 -0.131395572
  1993.86 -0.135786436
  1993.88 -0.139928934
  1993.9 -0.143839035
  1993.92 -0.147542922
  1993.94 -0.151065142
  1993.96 -0.154392701
  1993.98 -0.157475066
  1994. -0.160260076
  1994.02 -0.162695566
  1994.04 -0.164729566
  1994.06 -0.166314525
  1994.08 -0.16740731
  1994.1 -0.16796498
  1994.12 -0.167944595
  1994.14 -0.167304135
  1994.16 -0.166022771
  1994.18 -0.164100854
  1994.2 -0.161539651
  1994.22 -0.158340432
  1994.24 -0.154504467
  1994.26 -0.150033023
  1994.28 -0.144934817
  1994.3 -0.139248344
  1994.32 -0.133021539
  1994.34 -0.126310281
  1994.36 -0.11917244
  1994.38 -0.111665886
  1994.4 -0.10384651
  1994.42 -0.0957622986
  1994.44 -0.0874592615
  1994.46 -0.0789829828
  1994.48 -0.0703692472
  1994.5 -0.0616440461
  1994.52 -0.0528329457
  1994.54 -0.043961512
  1994.56 -0.0350559447
  1994.58 -0.0261570199
  1994.6 -0.0173200935
  1994.62 -0.00860115528
  1994.64 -6.34128902E-05
  1994.66  0.00820105069
  1994.68  0.0160929323
  1994.7  0.0235129286
  1994.72  0.0303617365
  1994.74  0.0365588188
  1994.76  0.0420986996
  1994.78  0.0469946672
  1994.8  0.0512600101
  1994.82  0.0549166018
  1994.84  0.0580206648
  1994.86  0.060637011
  1994.88  0.0628297093
  1994.9  0.0646457373
  1994.92  0.0661149784
  1994.94  0.0672665729
  1994.96  0.0681186722
  1994.98  0.0686454676
  1995.  0.068810159
  1995.02  0.0685759461
  1995.04  0.0679068152
  1995.06  0.0667848338
  1995.08  0.0652101436
  1995.1  0.0631836718
  1995.12  0.0607063456
  1995.14  0.0577790923
  1995.16  0.0544028389
  1995.18  0.0505785127
  1995.2  0.0463070409
  1995.22  0.0415893507
  1995.24  0.0364263692
  1995.26  0.0308190236
  1995.28  0.0247682412
  1995.3  0.0182833527
  1995.32  0.0114072893
  1995.34  0.00417921487
  1995.36 -0.00341035152
  1995.38 -0.0113742064
  1995.4 -0.0196897827
  1995.42 -0.0283256738
  1995.44 -0.0372504732
  1995.46 -0.0464317428
  1995.48 -0.0558133479
  1995.5 -0.0653154718
  1995.52 -0.074857269
  1995.54 -0.084357207
  1995.56 -0.0937179617
  1995.58 -0.102826423
  1995.6 -0.111568795
  1995.62 -0.119831281
  1995.64 -0.127500086
  1995.66 -0.134466859
  1995.68 -0.14064502
  1995.7 -0.145953434
  1995.72 -0.150330152
  1995.74 -0.15378993
  1995.76 -0.156366688
  1995.78 -0.158094345
  1995.8 -0.159013865
  1995.82 -0.159194383
  1995.84 -0.158712076
  1995.86 -0.15764312
  1995.88 -0.156057338
  1995.9 -0.153999154
  1995.92 -0.151506641
  1995.94 -0.148617873
  1995.96 -0.145370924
  1995.98 -0.141799136
  1996. -0.137916933
  1996.02 -0.133734012
  1996.04 -0.12926007
  1996.06 -0.124504803
  1996.08 -0.119477908
  1996.1 -0.114189082
  1996.12 -0.108648021
  1996.14 -0.102864422
  1996.16 -0.0968479817
  1996.18 -0.0906083965
  1996.2 -0.0841553631
  1996.22 -0.0774978371
  1996.24 -0.070641811
  1996.26 -0.0636083577
  1996.28 -0.056480581
  1996.3 -0.0493294347
  1996.32 -0.0421979643
  1996.34 -0.0351286122
  1996.36 -0.0281644093
  1996.38 -0.0213479165
  1996.4 -0.0147211992
  1996.42 -0.00832630097
  1996.44 -0.0022052654
  1996.46  0.00359902395
  1996.48  0.00904032343
  1996.5  0.0140715493
  1996.52  0.0186456177
  1996.54  0.0227285062
  1996.56  0.0263383991
  1996.58  0.0295065228
  1996.6  0.0322641035
  1996.62  0.0346502598
  1996.64  0.0367356641
  1996.66  0.0385988735
  1996.68  0.0403176979
  1996.7  0.0419527684
  1996.72  0.0435475448
  1996.74  0.0451447409
  1996.76  0.0467870704
  1996.78  0.0485162371
  1996.8  0.0503507398
  1996.82  0.0522858878
  1996.84  0.0543159828
  1996.86  0.0564352561
  1996.88  0.0586363108
  1996.9  0.060910123
  1996.92  0.0632475979
  1996.94  0.0656396409
  1996.96  0.0680771571
  1996.98  0.0705510519
  1997.  0.0730522306
  1997.02  0.0755715985
  1997.04  0.0788957725
  2002.0   0.0
